3 4199278 4197680 0
119 4198057 4199280 1
233 4198057 4199280 1
321 4199488 4198099 0
7851 4197788 4197504 1
7983 4197788 4197504 1
8124 4197504 4197788 1
54694 4197788 4197504 1
101224 4197788 4197504 1
147685 4197788 4197504 1
147887 4197788 4197504 1
148024 4197788 4197504 1
162602 4197504 4197788 1
208899 4197788 4197504 1
209101 4197504 4197788 1
255403 4197788 4197504 1
301861 4197788 4197504 1
871690 4197788 4197504 1
871913 4197788 4197504 1
872328 4197504 4197788 1
902583 4197788 4197504 1
914113 4197788 4197504 1
914315 4197788 4197504 1
914758 4197788 4197504 1
915247 4197504 4197788 1
944081 4197788 4197504 1
954667 4197788 4197504 1
954869 4197788 4197504 1
955748 4197788 4197504 1
956085 4197504 4197788 1
983975 4197788 4197504 1
994089 4197788 4197504 1
994313 4197788 4197504 1
995458 4197788 4197504 1
995681 4197504 4197788 1
1023103 4197788 4197504 1
1032745 4197788 4197504 1
1032947 4197788 4197504 1
1034264 4197788 4197504 1
1034461 4197504 4197788 1
1061405 4197788 4197504 1
1070575 4197788 4197504 1
1070799 4197788 4197504 1
1072382 4197504 4197788 1
1098861 4197788 4197504 1
1107559 4197788 4197504 1
1107761 4197788 4197504 1
1109486 4197504 4197788 1
1135489 4197788 4197504 1
1143715 4197788 4197504 1
1145764 4197504 4197788 1
1171299 4197788 4197504 1
1206984 4197788 4197504 1
1214741 4197788 4197504 1
1216914 4197504 4197788 1
1241973 4197788 4197504 1
1276860 4197788 4197504 1
1318976 4197788 4197504 1
1321316 4197504 4197788 1
1345907 4197788 4197504 1
1353189 4197788 4197504 1
1380074 4197788 4197504 1
1557524 4197504 4197788 1
1662538 4197504 4197788 1
1698212 4197504 4197788 1
1734358 4197504 4197788 1
1736704 4197504 4197788 1
1770877 4197504 4197788 1
1771395 4197504 4197788 1
1773590 4197504 4197788 1
1808239 4197504 4197788 1
1808757 4197504 4197788 1
1809273 4197504 4197788 1
1811324 4197504 4197788 1
1847385 4197504 4197788 1
1847903 4197504 4197788 1
1849806 4197504 4197788 1
1886815 4197504 4197788 1
1887331 4197504 4197788 1
1887849 4197788 4197504 1
1889146 4197504 4197788 1
1927567 4197504 4197788 1
1929504 4197504 4197788 1
1969813 4197504 4197788 1
1971784 4197504 4197788 1
2013513 4197504 4197788 1
2014973 4197504 4197788 1
2032955 4197504 4197788 1
2061467 4197504 4197788 1
4416108 4197788 4197504 1
4425456 4197788 4197504 1
4430836 4197504 4197788 1
4455427 4197504 4197788 1
4477329 4197504 4197788 1
5186312 4197788 4197504 1
5228582 4197788 4197504 1
5269384 4197788 4197504 1
5269607 4197788 4197504 1
5270602 4197504 4197788 1
5298969 4197788 4197504 1
5309172 4197788 4197504 1
5310344 4197788 4197504 1
5347675 4197788 4197504 1
5385282 4197788 4197504 1
5422584 4197788 4197504 1
5459414 4197788 4197504 1
5495483 4197788 4197504 1
5531189 4197788 4197504 1
5602052 4197788 4197504 1
5636939 4197788 4197504 1
5845984 4197504 4197788 1
5846500 4197788 4197504 1
5953465 4197504 4197788 1
5953984 4197788 4197504 1
5990047 4197504 4197788 1
5991040 4197788 4197504 1
6027871 4197504 4197788 1
6065613 4197504 4197788 1
6066134 4197788 4197504 1
6094627 4197788 4197504 1
6103800 4197504 4197788 1
6104792 4197788 4197504 1
6143219 4197504 4197788 1
6145775 4197504 4197788 1
6184200 4197504 4197788 1
6185210 4197504 4197788 1
6185730 4197788 4197504 1
6226529 4197504 4197788 1
6228466 4197788 4197504 1
8719787 4197788 4197504 1
8734464 4197504 4197788 1
8827314 4197504 4197788 1
9536665 4197788 4197504 1
9536870 4197788 4197504 1
9537165 4197504 4197788 1
9548536 4197504 4197788 1
9558966 4197504 4197788 1
9568002 4197788 4197504 1
9580004 4197788 4197504 1
9580447 4197788 4197504 1
9580957 4197504 4197788 1
9610267 4197788 4197504 1
9621325 4197788 4197504 1
9661348 4197788 4197504 1
9661918 4197788 4197504 1
9662699 4197504 4197788 1
9700647 4197788 4197504 1
9776625 4197788 4197504 1
9850681 4197788 4197504 1
9887156 4197788 4197504 1
9923642 4197788 4197504 1
9959656 4197788 4197504 1
10137878 4197504 4197788 1
10174826 4197788 4197504 1
10247739 4197504 4197788 1
10322705 4197504 4197788 1
10360774 4197504 4197788 1
10401060 4197788 4197504 1
10440266 4197504 4197788 1
10441257 4197788 4197504 1
10481280 4197504 4197788 1
10482269 4197504 4197788 1
10483588 4197504 4197788 1
10504403 4197504 4197788 1
10512943 4197788 4197504 1
10524001 4197504 4197788 1
10524991 4197504 4197788 1
10526453 4197788 4197504 1
10526874 4197504 4197788 1
10569543 4197504 4197788 1
10571005 4197504 4197788 1
10617449 4197504 4197788 1
10696935 4197788 4197504 1
10743393 4197788 4197504 1
10789851 4197788 4197504 1
10836301 4197788 4197504 1
10882759 4197788 4197504 1
10929217 4197788 4197504 1
10975675 4197788 4197504 1
11022133 4197788 4197504 1
11068591 4197788 4197504 1
11115049 4197788 4197504 1
11161507 4197788 4197504 1
11207965 4197788 4197504 1
11254423 4197788 4197504 1
11300881 4197788 4197504 1
11347339 4197788 4197504 1
11393797 4197788 4197504 1
11440255 4197788 4197504 1
11486713 4197788 4197504 1
11533171 4197788 4197504 1
11579629 4197788 4197504 1
11626087 4197788 4197504 1
11672545 4197788 4197504 1
11719003 4197788 4197504 1
11765461 4197788 4197504 1
11811919 4197788 4197504 1
11858377 4197788 4197504 1
11904835 4197788 4197504 1
11951293 4197788 4197504 1
11997751 4197788 4197504 1
12044209 4197788 4197504 1
12090667 4197788 4197504 1
12137125 4197788 4197504 1
12183583 4197788 4197504 1
12230041 4197788 4197504 1
12276499 4197788 4197504 1
12323663 4197788 4197504 1
12370250 4197788 4197504 1
12416711 4197788 4197504 1
12463169 4197788 4197504 1
12509627 4197788 4197504 1
12556085 4197788 4197504 1
12602543 4197788 4197504 1
12649001 4197788 4197504 1
12695459 4197788 4197504 1
12741917 4197788 4197504 1
12788375 4197788 4197504 1
12834833 4197788 4197504 1
12881291 4197788 4197504 1
12927749 4197788 4197504 1
12974207 4197788 4197504 1
13020665 4197788 4197504 1
13067123 4197788 4197504 1
13067325 4197788 4197504 1
13068060 4197788 4197504 1
13267706 4197788 4197504 1
13314167 4197788 4197504 1
13360737 4197788 4197504 1
13407198 4197788 4197504 1
13453656 4197788 4197504 1
13500114 4197788 4197504 1
13546572 4197788 4197504 1
13593030 4197788 4197504 1
13639488 4197788 4197504 1
13685946 4197788 4197504 1
13732404 4197788 4197504 1
13778862 4197788 4197504 1
13825320 4197788 4197504 1
13871778 4197788 4197504 1
13918236 4197788 4197504 1
13964694 4197788 4197504 1
13977168 4197788 4197504 1
13977881 4197504 4197788 1
14007660 4197788 4197504 1
14019190 4197788 4197504 1
14019903 4197788 4197504 1
14060040 4197788 4197504 1
14086229 4197504 4197788 1
14100112 4197788 4197504 1
14139315 4197788 4197504 1
14215292 4197504 4197788 1
14215810 4197788 4197504 1
14244303 4197788 4197504 1
14253476 4197788 4197504 1
14327532 4197504 4197788 1
14588623 4197504 4197788 1
14627187 4197788 4197504 1
14664794 4197504 4197788 1
14704136 4197504 4197788 1
14785161 4197504 4197788 1
14786149 4197788 4197504 1
14826948 4197504 4197788 1
14829070 4197504 4197788 1
14870323 4197504 4197788 1
14871311 4197504 4197788 1
14917757 4197504 4197788 1
14998187 4197788 4197504 1
15044645 4197788 4197504 1
15091103 4197788 4197504 1
15137561 4197788 4197504 1
15184019 4197788 4197504 1
15230477 4197788 4197504 1
15276935 4197788 4197504 1
15323393 4197788 4197504 1
15369843 4197788 4197504 1
15416301 4197788 4197504 1
15462759 4197788 4197504 1
15509217 4197788 4197504 1
15555675 4197788 4197504 1
15602133 4197788 4197504 1
15648591 4197788 4197504 1
15695049 4197788 4197504 1
15741507 4197788 4197504 1
15787957 4197788 4197504 1
15834415 4197788 4197504 1
15880873 4197788 4197504 1
15927331 4197788 4197504 1
15973789 4197788 4197504 1
16020247 4197788 4197504 1
16066705 4197788 4197504 1
16113163 4197788 4197504 1
16159621 4197788 4197504 1
16206079 4197788 4197504 1
16252537 4197788 4197504 1
16298995 4197788 4197504 1
16345453 4197788 4197504 1
16391911 4197788 4197504 1
16438369 4197788 4197504 1
16485533 4197788 4197504 1
16532122 4197788 4197504 1
16578583 4197788 4197504 1
16625277 4197788 4197504 1
16671738 4197788 4197504 1
16718196 4197788 4197504 1
16764654 4197788 4197504 1
16811112 4197788 4197504 1
16857570 4197788 4197504 1
16904028 4197788 4197504 1
16950486 4197788 4197504 1
16996944 4197788 4197504 1
17043457 4197788 4197504 1
17089918 4197788 4197504 1
17136376 4197788 4197504 1
17182834 4197788 4197504 1
17229292 4197788 4197504 1
17275750 4197788 4197504 1
17322208 4197788 4197504 1
17368666 4197788 4197504 1
17415124 4197788 4197504 1
17461582 4197788 4197504 1
17461784 4197788 4197504 1
17661914 4197788 4197504 1
17708372 4197788 4197504 1
17754830 4197788 4197504 1
17801288 4197788 4197504 1
17847738 4197788 4197504 1
17894196 4197788 4197504 1
17940654 4197788 4197504 1
17987112 4197788 4197504 1
18033570 4197788 4197504 1
18080028 4197788 4197504 1
18126486 4197788 4197504 1
18172944 4197788 4197504 1
18219402 4197788 4197504 1
18265860 4197788 4197504 1
18312318 4197788 4197504 1
18358776 4197788 4197504 1
18405234 4197788 4197504 1
18419124 4197788 4197504 1
18419421 4197504 4197788 1
18450620 4197788 4197504 1
18463094 4197788 4197504 1
18463369 4197788 4197504 1
18505068 4197788 4197504 1
18545867 4197788 4197504 1
18625036 4197504 4197788 1
18625554 4197788 4197504 1
18664757 4197788 4197504 1
18703183 4197504 4197788 1
18703700 4197788 4197504 1
18742127 4197504 4197788 1
18742644 4197788 4197504 1
18781071 4197788 4197504 1
18819153 4197788 4197504 1
18857235 4197788 4197504 1
18895317 4197504 4197788 1
18934655 4197788 4197504 1
18973081 4197504 4197788 1
18973598 4197788 4197504 1
19012025 4197504 4197788 1
19052633 4197788 4197504 1
19092783 4197788 4197504 1
19132805 4197504 4197788 1
19133794 4197788 4197504 1
19176009 4197788 4197504 1
19220514 4197504 4197788 1
19241328 4197504 4197788 1
19251756 4197788 4197504 1
19264230 4197504 4197788 1
19265690 4197504 4197788 1
19277536 4197504 4197788 1
19391152 4197788 4197504 1
19437610 4197788 4197504 1
19484068 4197788 4197504 1
19530526 4197788 4197504 1
19576984 4197788 4197504 1
19623442 4197788 4197504 1
19669900 4197788 4197504 1
19716358 4197788 4197504 1
19762816 4197788 4197504 1
19809274 4197788 4197504 1
19855732 4197788 4197504 1
19902190 4197788 4197504 1
19948648 4197788 4197504 1
19995106 4197788 4197504 1
20041564 4197788 4197504 1
20088022 4197788 4197504 1
20134480 4197788 4197504 1
20180938 4197788 4197504 1
20227396 4197788 4197504 1
20273854 4197788 4197504 1
20320304 4197788 4197504 1
20366762 4197788 4197504 1
20413220 4197788 4197504 1
20459678 4197788 4197504 1
20506136 4197788 4197504 1
20552594 4197788 4197504 1
20599052 4197788 4197504 1
20645510 4197788 4197504 1
20692854 4197788 4197504 1
20739353 4197788 4197504 1
20785811 4197788 4197504 1
20832269 4197788 4197504 1
20878727 4197788 4197504 1
20925185 4197788 4197504 1
20971643 4197788 4197504 1
21018101 4197788 4197504 1
21064551 4197788 4197504 1
21111078 4197788 4197504 1
21157536 4197788 4197504 1
21203994 4197788 4197504 1
21250452 4197788 4197504 1
21296910 4197788 4197504 1
21343368 4197788 4197504 1
21389826 4197788 4197504 1
21436353 4197788 4197504 1
21482814 4197788 4197504 1
21529272 4197788 4197504 1
21575730 4197788 4197504 1
21622188 4197788 4197504 1
21668646 4197788 4197504 1
21715104 4197788 4197504 1
21761562 4197788 4197504 1
21808020 4197788 4197504 1
21854478 4197788 4197504 1
21900936 4197788 4197504 1
21901138 4197788 4197504 1
22101336 4197788 4197504 1
22147797 4197788 4197504 1
22194255 4197788 4197504 1
22240713 4197788 4197504 1
22287226 4197788 4197504 1
22333677 4197788 4197504 1
22380135 4197788 4197504 1
22426593 4197788 4197504 1
22473043 4197788 4197504 1
22519501 4197788 4197504 1
22565959 4197788 4197504 1
22612417 4197788 4197504 1
22658875 4197788 4197504 1
22705333 4197788 4197504 1
22751791 4197788 4197504 1
22798249 4197788 4197504 1
22844707 4197788 4197504 1
22891165 4197788 4197504 1
22937623 4197788 4197504 1
22984081 4197788 4197504 1
22997027 4197788 4197504 1
23039770 4197788 4197504 1
23040650 4197504 4197788 1
23081435 4197788 4197504 1
23122234 4197504 4197788 1
23122755 4197788 4197504 1
23163554 4197788 4197504 1
23204048 4197788 4197504 1
23244542 4197788 4197504 1
23285036 4197788 4197504 1
23446781 4197504 4197788 1
23488062 4197504 4197788 1
23488583 4197788 4197504 1
23530326 4197788 4197504 1
23571944 4197504 4197788 1
23573405 4197788 4197504 1
23743408 4197788 4197504 1
23789869 4197788 4197504 1
23836327 4197788 4197504 1
23882785 4197788 4197504 1
23929243 4197788 4197504 1
23975701 4197788 4197504 1
24022159 4197788 4197504 1
24068617 4197788 4197504 1
24115075 4197788 4197504 1
24161533 4197788 4197504 1
24207991 4197788 4197504 1
24254449 4197788 4197504 1
24300907 4197788 4197504 1
24347365 4197788 4197504 1
24393823 4197788 4197504 1
24440281 4197788 4197504 1
24486739 4197788 4197504 1
24533197 4197788 4197504 1
24579655 4197788 4197504 1
24626113 4197788 4197504 1
24672571 4197788 4197504 1
24719029 4197788 4197504 1
24765487 4197788 4197504 1
24811945 4197788 4197504 1
24858403 4197788 4197504 1
24905480 4197788 4197504 1
24952092 4197788 4197504 1
24998625 4197788 4197504 1
25045255 4197788 4197504 1
25091716 4197788 4197504 1
25138174 4197788 4197504 1
25184632 4197788 4197504 1
25231090 4197788 4197504 1
25277548 4197788 4197504 1
25324006 4197788 4197504 1
25370464 4197788 4197504 1
25417009 4197788 4197504 1
25463470 4197788 4197504 1
25509928 4197788 4197504 1
25556386 4197788 4197504 1
25602956 4197788 4197504 1
25649417 4197788 4197504 1
25695875 4197788 4197504 1
25742325 4197788 4197504 1
25788783 4197788 4197504 1
25835233 4197788 4197504 1
25881691 4197788 4197504 1
25928149 4197788 4197504 1
25974607 4197788 4197504 1
26021065 4197788 4197504 1
26067523 4197788 4197504 1
26113981 4197788 4197504 1
26160439 4197788 4197504 1
26206897 4197788 4197504 1
26253355 4197788 4197504 1
26299813 4197788 4197504 1
26346271 4197788 4197504 1
26392729 4197788 4197504 1
26392931 4197788 4197504 1
26593063 4197788 4197504 1
26639521 4197788 4197504 1
26685979 4197788 4197504 1
26732437 4197788 4197504 1
26778887 4197788 4197504 1
26825345 4197788 4197504 1
26871803 4197788 4197504 1
26918261 4197788 4197504 1
26964719 4197788 4197504 1
27011177 4197788 4197504 1
27057635 4197788 4197504 1
27104093 4197788 4197504 1
27150551 4197788 4197504 1
27197009 4197788 4197504 1
27243467 4197788 4197504 1
27289925 4197788 4197504 1
27336383 4197788 4197504 1
27382841 4197788 4197504 1
27429299 4197788 4197504 1
27475757 4197788 4197504 1
27522215 4197788 4197504 1
27568673 4197788 4197504 1
27615131 4197788 4197504 1
27628549 4197788 4197504 1
27638882 4197504 4197788 1
27650727 4197504 4197788 1
27659741 4197788 4197504 1
27672687 4197788 4197504 1
27715902 4197788 4197504 1
27758772 4197788 4197504 1
27801642 4197788 4197504 1
27844512 4197788 4197504 1
27930193 4197504 4197788 1
27930709 4197788 4197504 1
27974868 4197788 4197504 1
28145178 4197788 4197504 1
28191639 4197788 4197504 1
28238097 4197788 4197504 1
28284555 4197788 4197504 1
28331013 4197788 4197504 1
28377471 4197788 4197504 1
28423929 4197788 4197504 1
28470387 4197788 4197504 1
28516845 4197788 4197504 1
28563303 4197788 4197504 1
28609761 4197788 4197504 1
28656219 4197788 4197504 1
28702677 4197788 4197504 1
28749135 4197788 4197504 1
28795593 4197788 4197504 1
28842051 4197788 4197504 1
28888509 4197788 4197504 1
28934967 4197788 4197504 1
28981425 4197788 4197504 1
29027883 4197788 4197504 1
29074341 4197788 4197504 1
29120799 4197788 4197504 1
29167876 4197788 4197504 1
29214601 4197788 4197504 1
29261062 4197788 4197504 1
29307520 4197788 4197504 1
29353978 4197788 4197504 1
29400436 4197788 4197504 1
29446894 4197788 4197504 1
29493352 4197788 4197504 1
29539810 4197788 4197504 1
29586268 4197788 4197504 1
29632726 4197788 4197504 1
29679184 4197788 4197504 1
29725634 4197788 4197504 1
29772092 4197788 4197504 1
29818542 4197788 4197504 1
29865000 4197788 4197504 1
29911458 4197788 4197504 1
29957916 4197788 4197504 1
30004374 4197788 4197504 1
30050832 4197788 4197504 1
30097290 4197788 4197504 1
30143748 4197788 4197504 1
30190206 4197788 4197504 1
30236664 4197788 4197504 1
30283122 4197788 4197504 1
30329580 4197788 4197504 1
30376038 4197788 4197504 1
30422496 4197788 4197504 1
30468954 4197788 4197504 1
30515412 4197788 4197504 1
30561870 4197788 4197504 1
30608328 4197788 4197504 1
30654786 4197788 4197504 1
30701244 4197788 4197504 1
30747702 4197788 4197504 1
30794160 4197788 4197504 1
30840618 4197788 4197504 1
30887076 4197788 4197504 1
30933534 4197788 4197504 1
30933736 4197788 4197504 1
31133967 4197788 4197504 1
31180428 4197788 4197504 1
31226886 4197788 4197504 1
31273344 4197788 4197504 1
31319889 4197788 4197504 1
31366350 4197788 4197504 1
31412808 4197788 4197504 1
31459266 4197788 4197504 1
31505716 4197788 4197504 1
31552174 4197788 4197504 1
31598632 4197788 4197504 1
31645090 4197788 4197504 1
31691548 4197788 4197504 1
31737998 4197788 4197504 1
31784456 4197788 4197504 1
31830914 4197788 4197504 1
31877476 4197788 4197504 1
31923937 4197788 4197504 1
31970395 4197788 4197504 1
32016853 4197788 4197504 1
32063311 4197788 4197504 1
32109769 4197788 4197504 1
32156227 4197788 4197504 1
32202685 4197788 4197504 1
32249135 4197788 4197504 1
32295593 4197788 4197504 1
32342051 4197788 4197504 1
32388509 4197788 4197504 1
32434967 4197788 4197504 1
32481425 4197788 4197504 1
32527883 4197788 4197504 1
32574341 4197788 4197504 1
32620799 4197788 4197504 1
32667257 4197788 4197504 1
32713715 4197788 4197504 1
32760173 4197788 4197504 1
32806631 4197788 4197504 1
32853081 4197788 4197504 1
32899539 4197788 4197504 1
32945997 4197788 4197504 1
32992447 4197788 4197504 1
33038897 4197788 4197504 1
33085355 4197788 4197504 1
33131813 4197788 4197504 1
33178271 4197788 4197504 1
33224729 4197788 4197504 1
33271187 4197788 4197504 1
33317645 4197788 4197504 1
33364095 4197788 4197504 1
33410553 4197788 4197504 1
33457817 4197788 4197504 1
33504414 4197788 4197504 1
33550875 4197788 4197504 1
33597510 4197788 4197504 1
33643971 4197788 4197504 1
33690429 4197788 4197504 1
33736879 4197788 4197504 1
33783337 4197788 4197504 1
33829795 4197788 4197504 1
33876253 4197788 4197504 1
33922711 4197788 4197504 1
33969285 4197788 4197504 1
34015746 4197788 4197504 1
34062204 4197788 4197504 1
34108654 4197788 4197504 1
34155112 4197788 4197504 1
34201570 4197788 4197504 1
34248028 4197788 4197504 1
34294486 4197788 4197504 1
34340944 4197788 4197504 1
34387402 4197788 4197504 1
34433860 4197788 4197504 1
34480318 4197788 4197504 1
34526776 4197788 4197504 1
34573234 4197788 4197504 1
34619692 4197788 4197504 1
34666150 4197788 4197504 1
34712608 4197788 4197504 1
34759066 4197788 4197504 1
34805524 4197788 4197504 1
34851982 4197788 4197504 1
34898440 4197788 4197504 1
34944898 4197788 4197504 1
34991356 4197788 4197504 1
35037814 4197788 4197504 1
35084272 4197788 4197504 1
35130730 4197788 4197504 1
35177188 4197788 4197504 1
35223646 4197788 4197504 1
35270104 4197788 4197504 1
35316562 4197788 4197504 1
35363020 4197788 4197504 1
35409478 4197788 4197504 1
35455936 4197788 4197504 1
35502394 4197788 4197504 1
35502596 4197788 4197504 1
35702734 4197788 4197504 1
35749192 4197788 4197504 1
35795650 4197788 4197504 1
35842108 4197788 4197504 1
35888566 4197788 4197504 1
35935024 4197788 4197504 1
35981482 4197788 4197504 1
36027940 4197788 4197504 1
36074398 4197788 4197504 1
36120856 4197788 4197504 1
36167314 4197788 4197504 1
36213772 4197788 4197504 1
36260230 4197788 4197504 1
36306688 4197788 4197504 1
36353146 4197788 4197504 1
36399604 4197788 4197504 1
36446062 4197788 4197504 1
36492520 4197788 4197504 1
36538978 4197788 4197504 1
36585436 4197788 4197504 1
36631894 4197788 4197504 1
36678352 4197788 4197504 1
36724810 4197788 4197504 1
36771268 4197788 4197504 1
36817726 4197788 4197504 1
36864184 4197788 4197504 1
36910642 4197788 4197504 1
36957100 4197788 4197504 1
37003558 4197788 4197504 1
37050016 4197788 4197504 1
37096474 4197788 4197504 1
37142932 4197788 4197504 1
37189390 4197788 4197504 1
37235848 4197788 4197504 1
37282306 4197788 4197504 1
37328764 4197788 4197504 1
37375222 4197788 4197504 1
37421680 4197788 4197504 1
37468138 4197788 4197504 1
37514596 4197788 4197504 1
37561054 4197788 4197504 1
37607512 4197788 4197504 1
37653970 4197788 4197504 1
37701133 4197788 4197504 1
37747730 4197788 4197504 1
37794191 4197788 4197504 1
37840649 4197788 4197504 1
37887107 4197788 4197504 1
37933565 4197788 4197504 1
37980023 4197788 4197504 1
38026481 4197788 4197504 1
38072939 4197788 4197504 1
38119397 4197788 4197504 1
38165855 4197788 4197504 1
38212313 4197788 4197504 1
38258771 4197788 4197504 1
38305229 4197788 4197504 1
38351687 4197788 4197504 1
38398145 4197788 4197504 1
38444603 4197788 4197504 1
38491160 4197788 4197504 1
38537618 4197788 4197504 1
38584076 4197788 4197504 1
38630534 4197788 4197504 1
38676992 4197788 4197504 1
38723450 4197788 4197504 1
38769908 4197788 4197504 1
38816366 4197788 4197504 1
38862824 4197788 4197504 1
38909282 4197788 4197504 1
38955740 4197788 4197504 1
39002198 4197788 4197504 1
39048656 4197788 4197504 1
39095114 4197788 4197504 1
39141572 4197788 4197504 1
39188030 4197788 4197504 1
39234488 4197788 4197504 1
39280946 4197788 4197504 1
39327404 4197788 4197504 1
39373854 4197788 4197504 1
39420312 4197788 4197504 1
39466770 4197788 4197504 1
39513228 4197788 4197504 1
39559686 4197788 4197504 1
39606144 4197788 4197504 1
39652602 4197788 4197504 1
39699060 4197788 4197504 1
39745518 4197788 4197504 1
39791976 4197788 4197504 1
39838434 4197788 4197504 1
39884892 4197788 4197504 1
39931350 4197788 4197504 1
39977808 4197788 4197504 1
40024266 4197788 4197504 1
40070724 4197788 4197504 1
40070926 4197788 4197504 1
40271210 4197788 4197504 1
40317671 4197788 4197504 1
40364129 4197788 4197504 1
40410587 4197788 4197504 1
40457100 4197788 4197504 1
40503561 4197788 4197504 1
40550019 4197788 4197504 1
40596477 4197788 4197504 1
40642935 4197788 4197504 1
40689393 4197788 4197504 1
40735851 4197788 4197504 1
40782309 4197788 4197504 1
40828767 4197788 4197504 1
40875225 4197788 4197504 1
40921683 4197788 4197504 1
40968141 4197788 4197504 1
41014599 4197788 4197504 1
41061057 4197788 4197504 1
41107515 4197788 4197504 1
41153973 4197788 4197504 1
41200431 4197788 4197504 1
41246889 4197788 4197504 1
41293347 4197788 4197504 1
41339805 4197788 4197504 1
41386263 4197788 4197504 1
41432721 4197788 4197504 1
41479179 4197788 4197504 1
41525637 4197788 4197504 1
41572095 4197788 4197504 1
41618553 4197788 4197504 1
41665011 4197788 4197504 1
41711469 4197788 4197504 1
41757927 4197788 4197504 1
41804377 4197788 4197504 1
41850835 4197788 4197504 1
41897293 4197788 4197504 1
41943751 4197788 4197504 1
41990914 4197788 4197504 1
42037447 4197788 4197504 1
42083977 4197788 4197504 1
42130537 4197788 4197504 1
42176995 4197788 4197504 1
42223453 4197788 4197504 1
42269911 4197788 4197504 1
42316369 4197788 4197504 1
42362827 4197788 4197504 1
42409285 4197788 4197504 1
42455743 4197788 4197504 1
42502345 4197788 4197504 1
42548796 4197788 4197504 1
42595254 4197788 4197504 1
42641712 4197788 4197504 1
42688225 4197788 4197504 1
42734686 4197788 4197504 1
42781144 4197788 4197504 1
42827602 4197788 4197504 1
42874060 4197788 4197504 1
42920518 4197788 4197504 1
42966976 4197788 4197504 1
43013434 4197788 4197504 1
43059892 4197788 4197504 1
43106350 4197788 4197504 1
43152808 4197788 4197504 1
43199266 4197788 4197504 1
43245787 4197788 4197504 1
43292248 4197788 4197504 1
43338698 4197788 4197504 1
43385156 4197788 4197504 1
43431614 4197788 4197504 1
43478072 4197788 4197504 1
43524530 4197788 4197504 1
43570988 4197788 4197504 1
43617446 4197788 4197504 1
43663904 4197788 4197504 1
43710362 4197788 4197504 1
43756820 4197788 4197504 1
43803278 4197788 4197504 1
43849736 4197788 4197504 1
43896194 4197788 4197504 1
43942652 4197788 4197504 1
43989110 4197788 4197504 1
44035568 4197788 4197504 1
44082026 4197788 4197504 1
44128484 4197788 4197504 1
44174942 4197788 4197504 1
44221400 4197788 4197504 1
44267858 4197788 4197504 1
44314316 4197788 4197504 1
44360774 4197788 4197504 1
44407232 4197788 4197504 1
44453690 4197788 4197504 1
44500148 4197788 4197504 1
44546606 4197788 4197504 1
44593064 4197788 4197504 1
44639522 4197788 4197504 1
44639724 4197788 4197504 1
44839862 4197788 4197504 1
44886320 4197788 4197504 1
44932778 4197788 4197504 1
44979236 4197788 4197504 1
45025694 4197788 4197504 1
45072152 4197788 4197504 1
45118610 4197788 4197504 1
45165068 4197788 4197504 1
45211526 4197788 4197504 1
45257984 4197788 4197504 1
45304442 4197788 4197504 1
45350900 4197788 4197504 1
45397358 4197788 4197504 1
45443816 4197788 4197504 1
45490274 4197788 4197504 1
45536732 4197788 4197504 1
45583190 4197788 4197504 1
45629648 4197788 4197504 1
45676106 4197788 4197504 1
45722564 4197788 4197504 1
45769022 4197788 4197504 1
45815480 4197788 4197504 1
45861938 4197788 4197504 1
45908396 4197788 4197504 1
45954854 4197788 4197504 1
46001312 4197788 4197504 1
46047770 4197788 4197504 1
46094228 4197788 4197504 1
46140686 4197788 4197504 1
46187144 4197788 4197504 1
46233745 4197788 4197504 1
46280956 4197788 4197504 1
46327417 4197788 4197504 1
46373875 4197788 4197504 1
46420333 4197788 4197504 1
46466791 4197788 4197504 1
46513249 4197788 4197504 1
46559707 4197788 4197504 1
46606165 4197788 4197504 1
46652623 4197788 4197504 1
46699081 4197788 4197504 1
46745539 4197788 4197504 1
46791997 4197788 4197504 1
46838455 4197788 4197504 1
46884913 4197788 4197504 1
46931371 4197788 4197504 1
46977829 4197788 4197504 1
47024287 4197788 4197504 1
47070745 4197788 4197504 1
47117203 4197788 4197504 1
47163661 4197788 4197504 1
47210119 4197788 4197504 1
47256577 4197788 4197504 1
47303035 4197788 4197504 1
47349493 4197788 4197504 1
47395951 4197788 4197504 1
47442409 4197788 4197504 1
47488867 4197788 4197504 1
47535325 4197788 4197504 1
47581783 4197788 4197504 1
47628241 4197788 4197504 1
47674699 4197788 4197504 1
47721157 4197788 4197504 1
47767615 4197788 4197504 1
47814073 4197788 4197504 1
47860531 4197788 4197504 1
47906989 4197788 4197504 1
47953447 4197788 4197504 1
47999905 4197788 4197504 1
48046363 4197788 4197504 1
48092821 4197788 4197504 1
48139279 4197788 4197504 1
48185737 4197788 4197504 1
48232195 4197788 4197504 1
48278653 4197788 4197504 1
48325111 4197788 4197504 1
48371569 4197788 4197504 1
48418027 4197788 4197504 1
48464485 4197788 4197504 1
48510943 4197788 4197504 1
48557401 4197788 4197504 1
48603859 4197788 4197504 1
48650317 4197788 4197504 1
48696775 4197788 4197504 1
48743233 4197788 4197504 1
48789691 4197788 4197504 1
48836149 4197788 4197504 1
48882607 4197788 4197504 1
48929065 4197788 4197504 1
48975523 4197788 4197504 1
49021981 4197788 4197504 1
49068439 4197788 4197504 1
49114897 4197788 4197504 1
49161355 4197788 4197504 1
49207813 4197788 4197504 1
49208015 4197788 4197504 1
49408147 4197788 4197504 1
49454605 4197788 4197504 1
49501063 4197788 4197504 1
49547620 4197788 4197504 1
49594081 4197788 4197504 1
49640539 4197788 4197504 1
49686997 4197788 4197504 1
49733455 4197788 4197504 1
49779913 4197788 4197504 1
49826371 4197788 4197504 1
49872829 4197788 4197504 1
49919287 4197788 4197504 1
49965745 4197788 4197504 1
50012203 4197788 4197504 1
50058661 4197788 4197504 1
50105119 4197788 4197504 1
50151721 4197788 4197504 1
50198182 4197788 4197504 1
50244640 4197788 4197504 1
50291098 4197788 4197504 1
50337556 4197788 4197504 1
50384014 4197788 4197504 1
50430472 4197788 4197504 1
50476930 4197788 4197504 1
50524225 4197788 4197504 1
50570676 4197788 4197504 1
50617134 4197788 4197504 1
50663592 4197788 4197504 1
50710149 4197788 4197504 1
50756610 4197788 4197504 1
50803068 4197788 4197504 1
50849613 4197788 4197504 1
50896074 4197788 4197504 1
50942532 4197788 4197504 1
50988990 4197788 4197504 1
51035448 4197788 4197504 1
51081906 4197788 4197504 1
51128364 4197788 4197504 1
51174822 4197788 4197504 1
51221340 4197788 4197504 1
51267791 4197788 4197504 1
51314249 4197788 4197504 1
51360707 4197788 4197504 1
51407165 4197788 4197504 1
51453678 4197788 4197504 1
51500129 4197788 4197504 1
51546587 4197788 4197504 1
51593045 4197788 4197504 1
51639503 4197788 4197504 1
51685961 4197788 4197504 1
51732419 4197788 4197504 1
51778877 4197788 4197504 1
51825335 4197788 4197504 1
51871793 4197788 4197504 1
51918251 4197788 4197504 1
51964709 4197788 4197504 1
52011167 4197788 4197504 1
52057625 4197788 4197504 1
52104083 4197788 4197504 1
52150541 4197788 4197504 1
52196999 4197788 4197504 1
52243457 4197788 4197504 1
52289915 4197788 4197504 1
52336373 4197788 4197504 1
52382831 4197788 4197504 1
52429289 4197788 4197504 1
52475747 4197788 4197504 1
52522205 4197788 4197504 1
52568663 4197788 4197504 1
52615121 4197788 4197504 1
52661579 4197788 4197504 1
52708037 4197788 4197504 1
52754495 4197788 4197504 1
52800953 4197788 4197504 1
52847411 4197788 4197504 1
52893869 4197788 4197504 1
52940327 4197788 4197504 1
52986785 4197788 4197504 1
53033243 4197788 4197504 1
53079701 4197788 4197504 1
53126159 4197788 4197504 1
53172617 4197788 4197504 1
53219075 4197788 4197504 1
53265533 4197788 4197504 1
53311991 4197788 4197504 1
53358449 4197788 4197504 1
53404907 4197788 4197504 1
53451365 4197788 4197504 1
53497886 4197788 4197504 1
53544337 4197788 4197504 1
53590795 4197788 4197504 1
53637253 4197788 4197504 1
53683711 4197788 4197504 1
53730169 4197788 4197504 1
53776627 4197788 4197504 1
53776829 4197788 4197504 1
53976967 4197788 4197504 1
54023425 4197788 4197504 1
54069883 4197788 4197504 1
54116341 4197788 4197504 1
54162799 4197788 4197504 1
54209257 4197788 4197504 1
54255715 4197788 4197504 1
54302173 4197788 4197504 1
54348631 4197788 4197504 1
54395089 4197788 4197504 1
54441547 4197788 4197504 1
54488005 4197788 4197504 1
54534463 4197788 4197504 1
54580921 4197788 4197504 1
54627379 4197788 4197504 1
54673837 4197788 4197504 1
54720295 4197788 4197504 1
54766753 4197788 4197504 1
54813917 4197788 4197504 1
54860450 4197788 4197504 1
54906980 4197788 4197504 1
54953441 4197788 4197504 1
54999899 4197788 4197504 1
55046357 4197788 4197504 1
55092815 4197788 4197504 1
55139273 4197788 4197504 1
55185731 4197788 4197504 1
55232189 4197788 4197504 1
55278647 4197788 4197504 1
55325105 4197788 4197504 1
55371563 4197788 4197504 1
55418021 4197788 4197504 1
55464479 4197788 4197504 1
55510937 4197788 4197504 1
55557395 4197788 4197504 1
55603853 4197788 4197504 1
55650311 4197788 4197504 1
55696769 4197788 4197504 1
55743227 4197788 4197504 1
55789685 4197788 4197504 1
55836143 4197788 4197504 1
55882601 4197788 4197504 1
55929059 4197788 4197504 1
55975517 4197788 4197504 1
56021975 4197788 4197504 1
56068433 4197788 4197504 1
56114891 4197788 4197504 1
56161349 4197788 4197504 1
56207807 4197788 4197504 1
56254265 4197788 4197504 1
56300723 4197788 4197504 1
56347181 4197788 4197504 1
56393639 4197788 4197504 1
56440097 4197788 4197504 1
56486555 4197788 4197504 1
56533013 4197788 4197504 1
56579463 4197788 4197504 1
56625921 4197788 4197504 1
56672379 4197788 4197504 1
56718837 4197788 4197504 1
56765295 4197788 4197504 1
56811814 4197788 4197504 1
56858272 4197788 4197504 1
56904730 4197788 4197504 1
56951188 4197788 4197504 1
56997646 4197788 4197504 1
57044104 4197788 4197504 1
57090562 4197788 4197504 1
57137020 4197788 4197504 1
57183478 4197788 4197504 1
57229936 4197788 4197504 1
57276394 4197788 4197504 1
57322852 4197788 4197504 1
57369310 4197788 4197504 1
57415857 4197788 4197504 1
57462318 4197788 4197504 1
57508776 4197788 4197504 1
57555234 4197788 4197504 1
57601692 4197788 4197504 1
57648150 4197788 4197504 1
57694608 4197788 4197504 1
57741066 4197788 4197504 1
57787524 4197788 4197504 1
57833982 4197788 4197504 1
57880440 4197788 4197504 1
57926898 4197788 4197504 1
57973356 4197788 4197504 1
58019814 4197788 4197504 1
58066272 4197788 4197504 1
58112730 4197788 4197504 1
58159188 4197788 4197504 1
58205646 4197788 4197504 1
58252104 4197788 4197504 1
58298562 4197788 4197504 1
58345020 4197788 4197504 1
58345222 4197788 4197504 1
58545394 4197788 4197504 1
58591855 4197788 4197504 1
58638313 4197788 4197504 1
58684826 4197788 4197504 1
58731287 4197788 4197504 1
58777745 4197788 4197504 1
58824203 4197788 4197504 1
58870661 4197788 4197504 1
58917111 4197788 4197504 1
58963569 4197788 4197504 1
59010027 4197788 4197504 1
59056628 4197788 4197504 1
59103847 4197788 4197504 1
59150308 4197788 4197504 1
59196766 4197788 4197504 1
59243224 4197788 4197504 1
59289682 4197788 4197504 1
59336140 4197788 4197504 1
59382669 4197788 4197504 1
59429127 4197788 4197504 1
59475585 4197788 4197504 1
59522043 4197788 4197504 1
59568501 4197788 4197504 1
59614959 4197788 4197504 1
59661565 4197788 4197504 1
59708026 4197788 4197504 1
59754484 4197788 4197504 1
59800942 4197788 4197504 1
59847455 4197788 4197504 1
59893916 4197788 4197504 1
59940374 4197788 4197504 1
59986832 4197788 4197504 1
60033290 4197788 4197504 1
60079748 4197788 4197504 1
60126206 4197788 4197504 1
60172664 4197788 4197504 1
60219122 4197788 4197504 1
60265580 4197788 4197504 1
60312038 4197788 4197504 1
60358496 4197788 4197504 1
60404954 4197788 4197504 1
60451412 4197788 4197504 1
60497870 4197788 4197504 1
60544328 4197788 4197504 1
60590786 4197788 4197504 1
60637244 4197788 4197504 1
60683702 4197788 4197504 1
60730160 4197788 4197504 1
60776618 4197788 4197504 1
60823076 4197788 4197504 1
60869534 4197788 4197504 1
60915992 4197788 4197504 1
60962450 4197788 4197504 1
61008908 4197788 4197504 1
61055366 4197788 4197504 1
61101824 4197788 4197504 1
61148282 4197788 4197504 1
61194740 4197788 4197504 1
61241198 4197788 4197504 1
61287656 4197788 4197504 1
61334114 4197788 4197504 1
61380564 4197788 4197504 1
61427022 4197788 4197504 1
61473480 4197788 4197504 1
61519938 4197788 4197504 1
61566396 4197788 4197504 1
61612854 4197788 4197504 1
61659312 4197788 4197504 1
61705770 4197788 4197504 1
61752228 4197788 4197504 1
61798686 4197788 4197504 1
61845144 4197788 4197504 1
61891602 4197788 4197504 1
61938060 4197788 4197504 1
61984518 4197788 4197504 1
62030976 4197788 4197504 1
62077434 4197788 4197504 1
62123892 4197788 4197504 1
62170350 4197788 4197504 1
62216808 4197788 4197504 1
62263266 4197788 4197504 1
62309724 4197788 4197504 1
62356182 4197788 4197504 1
62402640 4197788 4197504 1
62449098 4197788 4197504 1
62495556 4197788 4197504 1
62542014 4197788 4197504 1
62588472 4197788 4197504 1
62634930 4197788 4197504 1
62681388 4197788 4197504 1
62727846 4197788 4197504 1
62774304 4197788 4197504 1
62820762 4197788 4197504 1
62867220 4197788 4197504 1
62913678 4197788 4197504 1
62913880 4197788 4197504 1
63114018 4197788 4197504 1
63160476 4197788 4197504 1
63206934 4197788 4197504 1
63253392 4197788 4197504 1
63299850 4197788 4197504 1
63347071 4197788 4197504 1
63393601 4197788 4197504 1
63440062 4197788 4197504 1
63486520 4197788 4197504 1
63532978 4197788 4197504 1
63579436 4197788 4197504 1
63625894 4197788 4197504 1
63672352 4197788 4197504 1
63718810 4197788 4197504 1
63765268 4197788 4197504 1
63811726 4197788 4197504 1
63858176 4197788 4197504 1
63904634 4197788 4197504 1
63951092 4197788 4197504 1
63997550 4197788 4197504 1
64044008 4197788 4197504 1
64090466 4197788 4197504 1
64136924 4197788 4197504 1
64183382 4197788 4197504 1
64229840 4197788 4197504 1
64276298 4197788 4197504 1
64322756 4197788 4197504 1
64369214 4197788 4197504 1
64415672 4197788 4197504 1
64462130 4197788 4197504 1
64508580 4197788 4197504 1
64555038 4197788 4197504 1
64601496 4197788 4197504 1
64647954 4197788 4197504 1
64694412 4197788 4197504 1
64740870 4197788 4197504 1
64787328 4197788 4197504 1
64833786 4197788 4197504 1
64880244 4197788 4197504 1
64926702 4197788 4197504 1
64973160 4197788 4197504 1
65019618 4197788 4197504 1
65066076 4197788 4197504 1
65112534 4197788 4197504 1
65158992 4197788 4197504 1
65205450 4197788 4197504 1
65251908 4197788 4197504 1
65298366 4197788 4197504 1
65344824 4197788 4197504 1
65391282 4197788 4197504 1
65437740 4197788 4197504 1
65484198 4197788 4197504 1
65530656 4197788 4197504 1
65577114 4197788 4197504 1
65623572 4197788 4197504 1
65670030 4197788 4197504 1
65716488 4197788 4197504 1
65762946 4197788 4197504 1
65809503 4197788 4197504 1
65855954 4197788 4197504 1
65902412 4197788 4197504 1
65948870 4197788 4197504 1
65995328 4197788 4197504 1
66041786 4197788 4197504 1
66088244 4197788 4197504 1
66134702 4197788 4197504 1
66181160 4197788 4197504 1
66227618 4197788 4197504 1
66274076 4197788 4197504 1
66320534 4197788 4197504 1
66366992 4197788 4197504 1
66413450 4197788 4197504 1
66459908 4197788 4197504 1
66506366 4197788 4197504 1
66552824 4197788 4197504 1
66599282 4197788 4197504 1
66645740 4197788 4197504 1
66692198 4197788 4197504 1
66738656 4197788 4197504 1
66785114 4197788 4197504 1
66831572 4197788 4197504 1
66878030 4197788 4197504 1
66924488 4197788 4197504 1
66970946 4197788 4197504 1
67017404 4197788 4197504 1
67063862 4197788 4197504 1
67110320 4197788 4197504 1
67156778 4197788 4197504 1
67203236 4197788 4197504 1
67249694 4197788 4197504 1
67296152 4197788 4197504 1
67342610 4197788 4197504 1
67389068 4197788 4197504 1
67435526 4197788 4197504 1
67481984 4197788 4197504 1
67482186 4197788 4197504 1
67683313 4197788 4197504 1
67729771 4197788 4197504 1
67776229 4197788 4197504 1
67822687 4197788 4197504 1
67869145 4197788 4197504 1
67915603 4197788 4197504 1
67962061 4197788 4197504 1
68008519 4197788 4197504 1
68054977 4197788 4197504 1
68101435 4197788 4197504 1
68147893 4197788 4197504 1
68194351 4197788 4197504 1
68241007 4197788 4197504 1
68287468 4197788 4197504 1
68333926 4197788 4197504 1
68380384 4197788 4197504 1
68426842 4197788 4197504 1
68473300 4197788 4197504 1
68519758 4197788 4197504 1
68566216 4197788 4197504 1
68612674 4197788 4197504 1
68659132 4197788 4197504 1
68705590 4197788 4197504 1
68752048 4197788 4197504 1
68798506 4197788 4197504 1
68844964 4197788 4197504 1
68891422 4197788 4197504 1
68937880 4197788 4197504 1
68984338 4197788 4197504 1
69030796 4197788 4197504 1
69077254 4197788 4197504 1
69123712 4197788 4197504 1
69170170 4197788 4197504 1
69216628 4197788 4197504 1
69263086 4197788 4197504 1
69309544 4197788 4197504 1
69356002 4197788 4197504 1
69402460 4197788 4197504 1
69448918 4197788 4197504 1
69495376 4197788 4197504 1
69541834 4197788 4197504 1
69588292 4197788 4197504 1
69634750 4197788 4197504 1
69681208 4197788 4197504 1
69727666 4197788 4197504 1
69774124 4197788 4197504 1
69820582 4197788 4197504 1
69867040 4197788 4197504 1
69913498 4197788 4197504 1
69959956 4197788 4197504 1
70006414 4197788 4197504 1
70052872 4197788 4197504 1
70099330 4197788 4197504 1
70145788 4197788 4197504 1
70192246 4197788 4197504 1
70238704 4197788 4197504 1
70285162 4197788 4197504 1
70331612 4197788 4197504 1
70378070 4197788 4197504 1
70424528 4197788 4197504 1
